1127
3530
2732
3745
2508
4293
1907
2107
140
3160
1691
4127
1804
1819
1607
3836
3969
3091
2991
2071
4286
3289
925
1225
736
2592
1123
1685
3286
1623
1632
2741
1043
992
4803
2868
4719
23
3070
3226
2277
4119
4798
4083
3750
2498
1402
1161
4789
4080
227
2307
2708
2802
2419
1310
559
2814
1712
1771
4879
3774
2907
1241
331
3372
964
2637
74
545
1113
1631
4307
3895
2663
1318
449
835
680
1511
2033
4847
3301
2890
3198
3582
2694
1229
655
122
1887
133
2335
4130
3349
354
4069
3536
3586
1371
4573
1051
1421
4362
1159
2591
2542
1633
998
590
1352
732
276
393
3712
4753
4980
1151
4453
3830
672
2602
4416
3266
428
4861
4110
3119
1330
3082
1059
3782
3432
4084
4018
75
3895
3513
4410
4450
2549
106
3275
3523
4694
3918
1746
226
3726
611
4504
274
322
4310
2018
1826
4847
1558
3213
888
91
2348
2800
2582
1083
2845
3566
2435
3645
1467
4804
3891
3167
3385
3176
2353
2759
2893
947
1332
2628
2187
3137
2263
1613
3040
2278
630
1033
1092
1090
2254
622
3172
2016
4108
638
2350
4372
3953
4367
4998
747
3772
4594
1777
2960
776
311
3528
4188
1487
3022
1223
1437
2584
457
318
4963
1957
3104
3760
3351
2424
1565
3363
172
1623
4961
503
914
4917
2855
1386
824
2067
1096
3987
3635
2351
3254
2997
4293
1572
3228
3719
1743
1794
2830
4714
4169
2784
2166
4978
1937
2150
1086
5000
2523
3624
597
3096
4545
3928
1499
2183
4643
1450
3383
1607
1384
2255
3092
2749
645
4394
3551
4722
2725
1535
2004
2994
2250
941
769
2514
4507
2729
4027
3365
4814
4461
3304
3272
1256
2897
2757
2140
4531
985
849
1348
2031
2902
4161
2968
884
1922
205
2706
2695
1222
2387
663
4812
2262
3451
1487
2818
3232
1987
776
1581
1488
3059
1528
2752
1512
2452
282
2145
2734
2100
2276
1577
1094
1397
4806
1980
3586
4696
725
2910
4119
3451
2496
1791
1738
659
2675
1577
2115
2702
3290
3919
3449
4055
1248
4304
1077
1471
2138
164
1851
3266
805
126
3103
2033
3687
3083
212
1134
4724
1498
3499
2501
2007
3076
754
360
1436
4590
2307
3435
163
2876
1014
1930
936
4129
2369
1304
1433
3988
2023
850
4544
725
1816
4435
1002
441
2320
1689
2999
1226
3713
2439
3674
650
3693
3668
3251
3073
582
3124
2691
3830
1785
2078
3680
82
548
3502
1170
1115
2259
1644
4613
527
129
2036
184
791
2356
4439
1733
39
4658
1771
3482
1451
3563
1982
3720
651
2031
4696
370
410
826
266
3223
2428
780
217
3084
3991
4566
2816
3324
1859
4786
565
2329
4660
4698
3914
1696
520
4540
759
1687
1740
837
4846
4098
3356
1747
2751
4735
2275
1823
317
663
535
3779
1433
2646
4392
2880
4590
2572
1690
3076
2420
1109
834
1185
2161
1542
2126
4881
1877
1745
1039
4609
4324
4691
1859
3676
3649
523
102
1466
1433
4446
2250
1872
502
1833
2351
298
334
2142
1628
2293
1763
2860
1886
4514
4372
48
4488
2744
1051
1384
2124
1978
624
1457
3705
2305
4887
3974
598
2298
869
3677
1222
1859
2536
1357
1156
4074
2632
1403
3456
1352
1121
3725
3650
2612
490
1110
1879
738
3651
4299
1563
1429
3706
3245
4382
434
1791
600
1489
2096
3489
4275
4578
4925
1552
666
654
1698
3820
3145
831
4706
3622
3049
2982
3103
4677
975
3211
2550
4572
691
1946
1148
515
3487
1248
3640
1986
4113
1527
2795
4445
586
1319
4493
4396
712
3414
4282
4914
1976
2584
1821
1921
1680
530
2236
2004
3781
2571
2412
2078
2264
1892
710
3905
734
1306
3578
2000
4728
2722
3259
2569
1000
4548
2836
213
1182
1331
3169
3379
2626
1652
3776
348
4738
2964
1489
64
478
919
2333
1728
1690
3271
4923
949
3660
1730
217
122
4167
871
4280
3141
103
850
2768
1516
501
1790
1095
1429
477
1146
1660
4990
7
2447
3736
127
979
3857
936
2452
3145
1748
4988
1240
1055
1569
3531
774
2884
568
1347
1193
4293
912
2651
879
829
3734
2724
2193
499
1587
408
303
614
2697
1545
4914
3708
4926
4085
3777
2308
1778
1800
4744
4600
46
114
1214
2840
1893
4107
2669
2858
2295
4157
4248
1366
3828
185
1320
10
3134
2196
3575
2353
690
4411
1897
3281
1777
4260
4760
828
2769
3183
3951
2791
3257
4334
3760
4194
950
4137
1034
2440
503
4500
4861
1744
295
4765
2601
4754
588
3584
2694
286
2196
1526
2228
3897
1696
1182
3359
1857
1227
1658
27
2548
4708
1101
1334
1916
402
475
126
2565
2911
1978
4328
866
153
4680
2347
2293
3389
3373
3381
3214
700
3474
1276
2646
2683
1186
4831
51
1910
3368
1126
374
2541
1409
2455
1404
633
3555
1843
2883
2072
2662
2088
1374
367
2307
552
3073
3920
4210
3650
1440
4557
536
3623
3966
1843
616
2264
3802
2834
2457
4614
2895
76
4025
2939
2331
4124
3505
1223
4856
2409
3705
2645
2410
2771
252
3655
2664
902
3752
2654
4006
4300
455
303
4650
3152
1897
4346
2470
3040
1694
1541
4621
2506
1030
1969
3105
3307
2379
292
1141
755
2802
1103
4087
4149
1982
2847
3984
998
1269
2377
918
4796
2367
4330
2146
3529
2996
366
2454
360
1310
2170
1881
2431
583
4331
3638
4405
4163
288
3441
3582
425
397
3020
76
1726
3002
2842
513
3811
4332
1994
4163
2337
170
1253
2303
194
4674
587
3649
3465
3749
2195
2090
3620
4336
4810
203
4768
3901
1886
2537
3663
1833
2331
2689
4574
3207
2397
2622
3434
1701
1944
1545
3356
3734
1357
137
3081
4456
741
2251
4479
2742
2130
1131
2157
200
1772
3972
2035
3034
1186
3372
4610
1242
3874
1844
3077
1766
3163
3446
1576
2198
3056
4343
880
2917
2496
3408
1259
2494
524
4840
369
1525
3912
1612
987
4667
2877
9
3499
3806
1174
2016
3677
2825
3242
1724
1716
1199
1306
3209
4687
1366
3588
4285
4525
4833
2599
2595
3712
1638
743
2805
1310
2226
4883
2458
3213
3850
3517
1401
3088
1555
1802
1805
4581
1380
1995
1465
4130
2706
347
2310
295
884
2762
3050
3068
2505
874
3355
1662
3639
2016
1333
2175
1189
1972
2776
3020
4459
2284
2261
4963
3064
910
714
4356
4004
1501
2300
1423
8
1158
3021
934
4730
1308
1647
2748
4245
488
3752
2415
1473
3157
2166
4762
3438
2763
3540
4599
503
4810
2189
2443
4333
3690
3592
2809
