1121
4801
4772
1154
4647
1440
682
194
4885
456
1986
4039
295
1494
2759
1927
869
4009
4330
557
1455
95
3664
2196
4299
474
4042
1501
1068
3620
630
1003
949
2321
2110
517
607
429
3912
2940
3936
3022
3598
4189
3829
1570
543
193
1208
1708
2158
3059
4709
2067
1121
3890
2
2683
4085
976
1709
3208
2383
4762
291
2736
3790
2697
2741
4793
2184
447
1893
3843
2210
2502
931
1151
1868
2654
1121
905
1539
4990
3933
1041
1137
1581
1608
944
4066
809
2890
4633
1473
200
848
3502
99
3949
473
1061
1873
2317
4758
1418
4988
130
264
1366
4932
136
4094
4864
1410
590
3526
4244
4158
511
516
945
3419
2057
4634
3872
4858
3470
663
2617
2461
2034
3178
2688
805
2732
4864
3088
4701
265
2053
3574
4385
3580
488
4626
4609
602
1145
3593
3154
1038
3303
3383
2711
1744
4061
2131
3180
308
182
4163
4059
680
1793
58
3787
3229
262
3439
4182
1530
1473
3295
1857
1285
3606
4006
1273
44
3774
2938
4772
4179
1185
2265
342
630
1013
4244
1293
3802
2261
2763
1983
3423
1045
2715
2075
1000
3637
902
4629
4590
797
210
966
1666
3624
1204
4907
4898
3348
3054
2108
534
553
2679
2008
4283
4119
274
3271
463
4933
1354
1152
4230
3919
2668
3373
53
1784
1685
2308
1077
553
4230
3470
490
360
1125
3541
2653
3900
1646
242
3054
4671
2489
1773
3166
806
1678
2401
852
2566
646
1014
807
3887
3316
2369
587
1669
845
3545
4127
2292
3891
3651
1950
1036
824
4113
1765
1645
3345
702
349
4213
640
4301
2552
1215
2375
651
3954
4703
202
4921
664
1516
3292
199
1852
436
677
3038
612
286
194
4
2055
284
1829
3085
2729
432
2479
2000
3377
1720
1619
1552
3681
2589
2141
2508
3334
3832
2355
754
1210
94
4851
4447
982
4334
2861
1081
3907
904
3298
4169
1930
145
53
3059
3706
3524
4768
3560
451
2683
2691
3854
4297
4886
4289
606
3219
1011
4987
295
196
1702
4945
2449
234
4787
1317
2500
3357
3770
291
306
2826
3994
879
1698
3201
4050
1165
2326
3
2228
4966
1600
3112
1858
2985
96
1880
773
2593
2089
808
1676
2990
2453
4752
2858
3278
1022
4810
1764
725
1791
1645
3689
1307
1730
4612
90
4013
1155
1121
4587
102
3548
877
3283
2096
2042
1548
1225
1373
3585
4964
4143
2027
2460
4263
4252
2592
2671
618
1020
2777
2912
4341
187
1113
1483
3379
4051
2585
2653
4708
4169
299
755
3778
4958
2411
4493
2968
1181
2448
1757
3858
2024
327
4148
1385
2080
4809
1303
1869
2005
2622
477
3056
4090
1154
421
4216
3829
847
341
4557
3326
3299
4878
37
941
4420
4711
844
3561
873
1950
2416
959
2554
1182
1084
1863
2635
4142
618
2901
2293
4438
1751
1174
61
4768
4498
3345
4697
2492
4581
209
696
939
1079
1848
538
1409
1696
4230
1624
109
4303
3146
3069
3675
3449
3225
1013
708
963
1221
4053
4500
4505
4623
4779
4116
1408
3079
1959
1592
3809
1987
1322
3492
367
1015
4573
283
4932
3156
4150
1705
1918
1812
3159
3185
4224
4269
967
1121
2966
4428
4326
2349
3288
3955
3331
889
331
3998
2383
3811
3628
3859
623
3224
2335
1105
2798
710
4543
482
3978
3881
1399
3435
1040
1026
432
1667
4066
3869
4892
2082
1464
586
2418
2173
981
879
3691
863
2651
4532
1077
4506
4593
3118
149
270
1180
1280
2946
3225
2716
2775
920
3288
1857
4421
827
2268
2957
1968
2580
1465
3516
1028
4105
843
145
4406
4343
3922
1370
3354
2243
1711
4232
2296
714
455
2079
338
4374
4112
1981
1194
4090
2666
449
346
2671
3096
3065
2339
4536
3646
4921
3009
138
14
2712
2927
2185
2750
1845
1863
4407
1203
4386
4405
206
4628
2552
4373
3712
1672
4468
3706
3789
3354
3048
4456
2189
3046
892
3660
1302
3492
351
1243
2968
3301
1649
192
847
2411
1539
322
3897
2814
449
4229
3537
4012
1582
4624
435
2912
1185
3783
1633
1463
1119
4393
1885
655
2952
3517
2160
4121
3103
2960
1858
2800
3236
3322
4930
1762
4844
3211
3233
1551
1124
1616
3819
3624
81
1546
4134
1713
3684
4425
741
826
2516
4244
455
1866
2373
1788
2356
4677
1703
1842
2263
4177
2066
2270
538
147
3081
1994
3983
1527
660
1478
1203
1735
3658
4813
2288
1595
1830
2000
203
4602
4258
2313
642
32
57
3955
1410
2561
1074
248
920
3806
506
2051
279
3469
2800
1815
1138
333
1615
2095
1810
410
4312
2240
2498
3485
1030
3476
3377
3672
1358
3352
4151
3145
4686
560
2580
1733
829
826
2990
2167
4772
1048
2729
3657
1412
2034
3739
4130
4327
4579
1032
2200
4275
2467
4716
184
2237
349
4592
476
2458
4097
1199
1604
1556
3285
2320
1640
282
3832
3750
4917
1089
4943
735
894
1018
3995
4786
4253
748
106
2461
1754
4404
3974
1246
203
249
787
4680
2941
893
500
424
2682
3201
1105
1896
3291
2368
4810
3067
2351
1760
15
882
3621
1724
490
791
2215
69
989
1193
904
3017
3297
47
3391
4876
1950
3208
1092
4159
1658
3354
3826
3775
828
3538
949
3024
2984
3691
2175
2401
3680
2954
4606
3953
760
2226
1399
2562
1298
1595
809
365
2884
3665
2003
4774
4903
3482
4368
2217
2489
3335
2125
2437
4861
2679
4367
4577
1794
728
3962
1404
2345
3775
2104
1129
1027
4146
4830
4579
4011
4005
3654
3621
2167
2530
3472
838
772
3076
4842
1954
2754
1597
4306
4428
1214
4558
393
3515
3896
2168
2466
1010
1860
1673
2627
3605
1196
3425
708
249
2166
2493
4878
4123
4258
1659
4870
3348
751
2767
1769
3883
270
2261
2274
531
2958
2617
826
3790
1162
1124
2079
698
4296
2639
4248
892
924
893
1336
2011
1101
4868
946
670
2021
4492
140
2592
4934
371
3734
1514
995
1264
2036
2074
997
1798
1794
1283
4144
291
4065
4333
1165
3010
3295
2198
1313
1431
4731
81
2822
977
2113
3454
2000
1284
1170
4402
2411
1903
2577
2521
1179
731
2545
1465
1836
3550
4915
3801
379
3023
398
3018
1276
1787
2119
356
4381
2806
244
1292
3331
3870
4124
132
2724
2949
3954
3459
1173
4885
3929
967
4676
4073
1857
1657
2577
289
594
3312
4385
2254
1625
3937
731
2239
4097
1733
2431
676
2940
2483
2530
329
4282
2519
3631
2213
4657
4451
