1000
538
52
26
730
942
490
962
52
16
533
588
652
602
753
954
246
965
587
322
266
997
400
210
513
741
427
999
461
877
539
711
214
265
500
868
426
884
156
820
732
797
338
96
849
257
18
514
879
337
659
147
143
925
741
75
236
273
645
202
68
30
500
982
759
132
695
806
686
56
447
799
309
353
659
781
636
767
917
92
450
829
99
455
747
694
967
65
173
38
633
74
45
411
539
812
647
620
85
990
781
64
266
145
535
314
635
962
404
148
218
200
544
578
154
998
783
760
437
218
929
710
405
223
527
499
568
423
397
520
182
542
8
678
733
923
337
859
695
232
802
648
209
469
921
567
599
799
675
740
727
927
523
201
579
224
211
6
715
393
242
472
98
84
686
593
416
85
52
937
872
687
502
140
858
956
212
788
348
316
638
409
700
472
73
501
370
158
512
804
556
184
749
892
9
977
696
202
866
471
655
582
798
391
967
495
349
765
458
82
144
811
913
239
830
948
875
684
58
378
639
926
883
845
431
973
228
84
638
824
317
505
995
601
169
448
918
210
83
888
338
296
562
749
763
398
108
877
402
597
754
666
359
99
936
311
135
754
825
239
671
171
984
498
95
650
282
393
98
476
906
972
709
358
244
98
477
215
974
361
462
401
940
846
394
748
940
640
422
819
545
544
211
955
300
883
388
394
495
35
276
181
883
483
298
276
197
562
599
945
85
161
574
799
391
480
557
455
797
238
492
297
125
304
468
513
143
676
178
344
306
918
11
605
63
771
242
67
725
348
232
773
311
85
363
575
19
95
386
734
165
402
648
859
739
863
136
876
842
317
176
20
737
858
352
493
172
309
316
826
268
401
968
345
973
133
628
289
496
490
209
793
146
780
371
793
789
533
239
237
709
294
502
559
182
103
906
748
156
921
937
194
562
402
192
935
839
120
274
814
167
434
145
998
758
908
316
860
114
361
754
250
273
286
917
104
863
708
771
738
941
86
465
121
712
300
544
47
662
752
685
101
134
199
571
647
303
137
244
667
81
668
752
501
740
22
821
343
70
163
600
455
137
102
363
874
116
482
455
575
408
83
812
647
406
792
887
500
999
245
90
134
124
743
26
734
71
654
790
813
226
226
307
356
335
151
504
490
543
371
382
113
727
826
551
954
519
495
748
707
45
590
431
958
346
840
928
851
139
918
502
824
51
930
828
593
807
74
167
859
594
894
805
181
17
277
904
144
146
18
602
118
553
421
483
682
843
255
297
990
799
670
584
3
97
970
122
708
344
991
273
644
931
180
691
225
360
83
348
881
485
114
690
508
923
106
869
90
615
22
302
679
658
885
530
283
284
388
406
943
652
982
149
53
588
861
336
391
51
318
166
603
642
271
508
582
467
828
854
582
958
371
294
908
702
661
476
146
828
118
688
465
650
174
996
143
659
841
757
215
601
100
347
64
479
945
39
739
713
965
109
103
1000
576
258
295
202
212
503
615
313
137
767
139
474
121
958
209
842
224
298
695
740
206
526
96
534
632
364
771
405
707
715
604
5
875
361
919
110
875
795
563
387
157
931
987
477
189
282
163
895
385
790
993
643
300
973
305
102
259
282
166
503
367
391
886
533
12
332
325
826
338
943
868
66
394
261
964
457
403
392
461
180
437
90
732
470
861
600
381
846
795
618
645
415
913
962
59
209
701
691
912
734
176
716
724
663
800
93
715
967
602
585
568
656
460
845
161
293
259
728
555
32
176
756
15
765
129
732
13
559
925
213
312
898
551
218
403
88
526
322
282
703
820
101
796
579
574
192
990
472
516
317
836
987
74
567
316
394
686
340
948
640
635
163
317
902
277
264
719
622
533
333
704
882
903
284
767
109
99
594
630
743
705
270
847
871
201
715
285
356
913
370
142
109
56
132
416
474
523
542
34
74
749
302
645
398
821
884
883
166
858
237
110
130
322
292
452
212
932
121
49
157
186
743
117
452
380
969
256
94
809
149
252
386
70
660
698
365
660
832
855
38
413
862
464
802
215
102
131
66
452
497
664
515
305
91
545
527
534
777
414
690
774
53
123
800
896
863
918
109
164
926
708
613
362
471
347
677
815
221
605
161
914
578
419
368
886
917
800
253
720
453
928
639
716
165
177
691
666
696
753
176
359
606
776
611
202
856
111
124
212
649
441
217
203
357
225
98
969
366
644
613
336
917
232
67
513
734
486
962
718
127
884
556
996
722
173
816
541
528
805
496
844
953
520
859
714
850
690
307
177
990
845
193
823
112
454
16
398
487
